50 555
3 2
4 2
4 3
5 2
5 3
6 2
6 3
6 4
6 5
7 3
8 2
8 3
8 6
8 7
9 1
9 3
9 5
9 6
9 7
9 8
10 2
10 4
10 5
10 8
11 1
11 4
11 5
11 10
12 1
12 3
13 1
13 4
13 5
13 6
13 8
13 9
13 10
13 11
14 3
14 6
14 7
14 8
14 12
15 1
15 2
15 4
15 5
15 6
15 10
15 11
15 12
15 13
16 1
16 3
16 9
16 12
16 14
16 15
17 1
17 5
17 6
17 7
17 8
17 9
17 12
17 16
18 1
18 7
18 9
18 10
18 11
18 12
18 15
18 16
18 17
19 4
19 5
19 11
19 12
19 13
19 15
19 16
19 18
20 1
20 7
20 9
20 13
20 14
20 17
20 18
21 1
21 2
21 10
21 12
22 1
22 2
22 4
22 5
22 9
22 11
22 12
22 13
22 16
22 17
22 18
22 19
22 21
23 1
23 2
23 10
23 11
23 12
23 14
23 15
23 21
23 22
24 3
24 7
24 8
24 14
24 16
24 20
24 21
24 22
24 23
25 1
25 4
25 5
25 7
25 8
25 9
25 10
25 13
25 15
25 19
25 20
25 22
26 1
26 2
26 9
26 10
26 11
26 12
26 13
26 15
26 17
26 18
26 19
26 22
26 23
26 24
26 25
27 1
27 7
27 8
27 9
27 12
27 14
27 16
27 18
27 19
27 20
27 21
27 24
27 26
28 1
28 2
28 4
28 5
28 6
28 10
28 11
28 12
28 13
28 16
28 18
28 19
28 21
28 23
28 25
28 26
29 1
29 2
29 7
29 8
29 10
29 13
29 19
29 20
29 21
29 23
30 2
30 5
30 7
30 8
30 9
30 10
30 11
30 13
30 17
30 19
30 20
30 25
30 27
30 29
31 4
31 5
31 7
31 8
31 9
31 10
31 13
31 18
31 19
31 20
31 30
32 1
32 4
32 10
32 11
32 13
32 15
32 16
32 17
32 18
32 19
32 20
32 22
32 25
32 26
32 27
32 28
33 6
33 9
33 12
33 14
33 15
33 16
33 17
33 21
33 22
33 24
33 26
33 27
33 28
33 32
34 7
34 9
34 10
34 11
34 13
34 17
34 18
34 25
34 27
34 29
34 30
34 31
35 2
35 3
35 6
35 7
35 10
35 11
35 13
35 21
35 23
35 25
35 28
35 29
35 30
35 31
36 1
36 7
36 8
36 9
36 10
36 11
36 12
36 14
36 16
36 17
36 18
36 19
36 20
36 21
36 23
36 24
36 26
36 27
36 31
36 32
36 34
37 3
37 6
37 7
37 8
37 14
37 20
37 27
37 29
37 30
37 31
37 34
37 35
38 3
38 4
38 5
38 6
38 9
38 12
38 13
38 16
38 17
38 18
38 20
38 25
38 26
38 27
38 30
38 31
38 32
38 33
38 34
39 3
39 5
39 6
39 9
39 12
39 14
39 16
39 17
39 18
39 21
39 22
39 24
39 26
39 32
39 33
39 37
39 38
40 1
40 4
40 5
40 7
40 8
40 10
40 13
40 15
40 19
40 20
40 23
40 26
40 28
40 30
40 34
40 35
40 37
41 3
41 6
41 9
41 12
41 13
41 14
41 17
41 18
41 24
41 25
41 27
41 31
41 32
41 33
41 38
41 39
42 1
42 10
42 11
42 18
42 19
42 20
42 23
42 24
42 25
42 26
42 27
42 29
42 30
42 32
42 35
42 36
42 40
43 3
43 4
43 5
43 6
43 11
43 13
43 15
43 16
43 19
43 21
43 22
43 23
43 25
43 26
43 28
43 35
43 40
43 41
44 1
44 10
44 11
44 13
44 15
44 18
44 19
44 22
44 25
44 28
44 29
44 30
44 31
44 32
44 36
44 40
44 42
44 43
45 1
45 7
45 8
45 9
45 11
45 12
45 14
45 16
45 17
45 18
45 19
45 20
45 21
45 24
45 26
45 27
45 31
45 32
45 33
45 34
45 41
45 42
46 5
46 7
46 8
46 9
46 10
46 11
46 13
46 14
46 17
46 20
46 25
46 27
46 29
46 30
46 31
46 34
46 35
46 36
46 37
46 38
46 40
46 41
46 44
46 45
47 3
47 6
47 7
47 8
47 10
47 14
47 20
47 27
47 29
47 30
47 31
47 34
47 35
47 39
47 40
47 45
47 46
48 1
48 4
48 5
48 6
48 7
48 8
48 13
48 16
48 17
48 18
48 20
48 25
48 27
48 29
48 30
48 31
48 33
48 34
48 36
48 38
48 39
48 40
48 41
48 44
48 45
48 46
49 3
49 6
49 7
49 8
49 12
49 14
49 20
49 21
49 24
49 27
49 30
49 31
49 33
49 34
49 36
49 37
49 42
49 45
49 46
49 47
49 48
50 3
50 9
50 12
50 14
50 16
50 17
50 18
50 21
50 23
50 24
50 26
50 32
50 33
50 37
50 39
50 41
50 43
50 49
